── Attaching packages ─────────────────────────────────────── tidyverse 1.3.1 ──
✔ ggplot2 3.3.3     ✔ purrr   0.3.4
✔ tibble  3.1.2     ✔ dplyr   1.0.6
✔ tidyr   1.1.3     ✔ stringr 1.4.0
✔ readr   1.4.0     ✔ forcats 0.5.1
── Conflicts ────────────────────────────────────────── tidyverse_conflicts() ──
✖ dplyr::filter() masks stats::filter()
✖ dplyr::lag()    masks stats::lag()
[1] "/home/barzim11/mgr/Simulations/MC_powers/n100_N10000_r6/Scripts/Q_powers_c230_dChi2.R[[[[1]][[1  "n100"   "N10000" "r6"   
Sanity check of hyperparameters: 
n:	 100 
N:	 10000 
r:	 6 
c:	 2.3 
d:	 LC 

         A  T.A    S  T.M    M
1 61.1 56.7 66.8 58.1 61.1
     A  T.A    S  T.M    M
1 38.9 43.3 33.2 41.9 38.9
           A       T.A         S       T.M          M
1  0.0000000 0.0000000 0.0000000 0.0000000 0.00000000
2  3.2310240 2.7648320 2.4942640 2.7648320 3.35932000
3  2.4263520 1.9025720 1.6623480 1.9027680 2.57081600
4  3.8841787 2.4262573 1.9690520 2.4263653 4.51283200
5  2.8513920 2.1259200 1.6319680 2.1267200 3.13558400
6  1.3396560 1.2183947 1.5228000 1.2184187 1.45608533
7  5.9778176 4.4551368 2.8720920 4.4551944 6.99285760
8  1.1695280 0.6073290 0.9505202 0.6073301 0.77688686
9  2.0111360 1.4003840 0.9444480 1.4015360 2.38355200
10 3.0811413 2.4908347 2.4894000 2.4916267 3.22773333
11 1.6966184 1.3411760 1.2452176 1.3412360 1.82561280
12 2.4759316 1.8020823 1.9999330 1.8020794 2.00409600
13 4.7098489 3.7012338 2.4609564 3.7003662 5.30045867
14 5.3075525 3.8907309 2.6172870 3.8908495 6.81076364
15 1.7357118 1.1407075 0.8920770 1.1405091 2.19584985
16 0.6766914 0.2677286 0.7754538 0.2677317 0.08879360
17 1.2286720 0.8254080 0.5015680 0.8260800 1.62201600
18 2.6635440 2.0463547 2.0334773 2.0476587 2.87965867
19 3.2026688 2.4376104 1.9635880 2.4391112 3.40966400
20 3.3517131 2.3271644 2.4427773 2.3258638 2.93467429
21 1.9984000 1.5720000 1.3782400 1.5710044 2.19335111
22 1.4512652 1.2776785 1.5702478 1.2777202 1.56674327
23 1.6470769 1.3195129 1.3310724 1.3173748 1.64407138
24 3.0047277 2.2481581 2.1738602 2.2480947 2.58606080
25 3.8842955 3.1253835 2.0356555 3.1262212 4.28908424
26 5.4890672 4.3456125 3.2707384 4.3473114 6.27375158
27 5.8531947 4.2950390 2.4793445 4.2976893 7.32509867
28 4.8641834 3.1509121 2.3260897 3.1533881 5.78078052
29 2.3417186 1.5876176 0.9657748 1.5867105 3.25743104
30 1.1430188 0.8807356 1.0868248 0.8780472 1.37264830
31 0.3952633 0.2226390 0.4269390 0.2216628 0.28235917
32 0.6213732 0.2288758 0.7556860 0.2288542 0.01032258
33 1.2249600 0.8110080 0.4615680 0.8115200 1.74131200
34 2.1106533 1.5709307 1.6630187 1.5714987 2.39752533
35 2.6423952 1.9002744 1.4840912 1.9018480 2.92792320
36 3.5644884 2.3903731 2.3375002 2.3902583 3.21909029
37 3.0555271 2.2967004 1.7895787 2.2972800 3.33346133
38 3.0851789 2.4797648 2.3799222 2.4809113 3.26157964
39 3.0058063 2.2518009 2.0024452 2.2496604 3.05394215
40 3.1003350 2.1783601 2.2393602 2.1784239 2.74571947
41 2.1362635 1.6788819 1.3230645 1.6790513 2.37028894
42 1.8797384 1.5871726 1.8826432 1.5872545 1.97769432
43 1.5397206 1.2253202 1.1586712 1.2252732 1.67397181
44 1.9100575 1.2647081 1.6686558 1.2647597 1.49263583
45 1.3297554 1.1056316 1.0258927 1.1031421 1.49889024
46 1.7003152 1.5233545 1.7431063 1.5191080 1.71505778
47 2.1597271 1.7688297 1.5729398 1.7675931 2.14761048
48 3.1919369 2.3946843 2.2466728 2.3950204 2.79245626
49 3.6364664 2.9598739 1.9279602 2.9607418 4.00463127
50 4.5769459 3.7378052 3.0024797 3.7387270 5.00462446
51 5.2874968 4.1131574 2.7047474 4.1152179 6.01860843
52 6.3897552 4.5963245 3.3882193 4.5971394 6.84714667
53 5.8938205 4.3964435 2.5683708 4.3985258 7.28641561
54 5.6587059 4.2563354 2.8164851 4.2601275 7.16682121
55 5.0115111 3.4836555 2.1020544 3.4854906 6.45633707
56 4.4425064 2.8681421 2.0934914 2.8708138 5.34030162
57 2.6002992 1.7700793 0.9190315 1.7718029 3.68897045
58 1.9313455 1.4321206 1.4210807 1.4328761 2.54015749
59 1.2721163 0.8674160 0.6552812 0.8672315 1.62997011
60 1.3541047 0.7082782 1.0943886 0.7079121 0.95753309
61 0.4159687 0.2707477 0.3016783 0.2683580 0.49284940
62 0.3213814 0.3122427 0.7998758 0.3089624 0.20168461
63 0.2311216 0.1071226 0.3686397 0.1060653 0.05210649
64 0.6151033 0.2248293 0.7537030 0.2248015 0.00000000
null device 
          1 
538716  0.78561042
55 6.120178e-01 6.124146e-01  1.89711339  0.61244302  0.61266489
56 4.673102e-01 4.675582e-01  0.43377732  0.46875506  0.46895932
57 3.344679e-01 3.344679e-01  0.31565057  0.33632392  0.33644669
58 2.587865e-01 2.591625e-01  0.38112362  0.25909208  0.25920251
59 2.044602e-01 2.069282e-01  1.54962477  0.19641721  0.19651140
60 1.462203e-01 1.466056e-01  0.14318466  0.14601309  0.14614342
61 1.545780e-01 1.833780e-01  0.09524455  0.10348014  0.10357670
62 6.647643e-02 6.709776e-02  0.12602851  0.06575729  0.06580502
63 3.391664e-02 3.431344e-02  1.35760303  0.03218256  0.03220564
64 7.188571e-04 9.668571e-04  0.01649381  0.00000000  0.00000000
null device 
          1 
